item-0019 3(g) r2 data: favorable-family density.
F_fav(theta) = {P in Fam_2 : (max_d N_{P,d} - 1)_+/N_P <=
theta} (operative definition, DIAGNOSTIC, not a candidate).
mass() = sum N_P (S' world).  DESCRIPTIVE fit line: least-
squares c in mass(F_fav)/mass(Fam_2) ~ (ln x)^{-c} across
the x ladder (DESCRIPTIVE ONLY, D3(vi): no asymptotic
claim); reference marker c* = 4 ln 2 - 2 = 0.7726 (item-0021 family window).

      row        x  theta |    cls     mass   m/Fam2     m/|S`|
   4,5,30    2e+06   0.00 |     12       24  0.31579  1.689e-04
   4,5,30    2e+06   0.25 |     12       24  0.31579  1.689e-04
   4,5,30    2e+06   0.50 |     38       76  1.00000  5.347e-04
   5,5,34    2e+06   0.00 |      2        4  0.22222  2.782e-05
   5,5,34    2e+06   0.25 |      2        4  0.22222  2.782e-05
   5,5,34    2e+06   0.50 |      9       18  1.00000  1.252e-04
   6,6,64    2e+06   0.00 |      0        0  0.00000  0.000e+00
   6,6,64    2e+06   0.25 |      0        0  0.00000  0.000e+00
   6,6,64    2e+06   0.50 |      1        2  1.00000  1.353e-05
   4,5,30    2e+07   0.00 |    178      356  0.45758  3.099e-04
   4,5,30    2e+07   0.25 |    178      356  0.45758  3.099e-04
   4,5,30    2e+07   0.50 |    389      778  1.00000  6.773e-04
   5,5,34    2e+07   0.00 |     21       42  0.38889  3.567e-05
   5,5,34    2e+07   0.25 |     21       42  0.38889  3.567e-05
   5,5,34    2e+07   0.50 |     54      108  1.00000  9.174e-05
   6,6,64    2e+07   0.00 |      0        0  0.00000  0.000e+00
   6,6,64    2e+07   0.25 |      0        0  0.00000  0.000e+00
   6,6,64    2e+07   0.50 |      1        2  1.00000  1.590e-06
   4,5,30    1e+08   0.00 |   1285     2570  0.49205  5.231e-04
   4,5,30    1e+08   0.25 |   1285     2570  0.49205  5.231e-04
   4,5,30    1e+08   0.50 |   2609     5220  0.99943  1.063e-03
   5,5,34    1e+08   0.00 |    143      286  0.44828  5.615e-05
   5,5,34    1e+08   0.25 |    143      286  0.44828  5.615e-05
   5,5,34    1e+08   0.50 |    319      638  1.00000  1.253e-04
   6,6,64    1e+08   0.00 |      1        2  0.33333  3.516e-07
   6,6,64    1e+08   0.25 |      1        2  0.33333  3.516e-07
   6,6,64    1e+08   0.50 |      3        6  1.00000  1.055e-06
   4,5,30    1e+09   0.00 |  24999    50056  0.52634  1.285e-03
   4,5,30    1e+09   0.25 |  25001    50064  0.52642  1.285e-03
   4,5,30    1e+09   0.50 |  47326    94868  0.99754  2.435e-03
   5,5,34    1e+09   0.00 |   2331     4662  0.47100  1.132e-04
   5,5,34    1e+09   0.25 |   2331     4662  0.47100  1.132e-04
   5,5,34    1e+09   0.50 |   4946     9895  0.99970  2.403e-04
   6,6,64    1e+09   0.00 |     29       58  0.32955  1.160e-06
   6,6,64    1e+09   0.25 |     29       58  0.32955  1.160e-06
   6,6,64    1e+09   0.50 |     88      176  1.00000  3.521e-06
   7,6,44    1e+09   0.00 |      3        6  0.30000  1.224e-07
   7,6,44    1e+09   0.25 |      3        6  0.30000  1.224e-07
   7,6,44    1e+09   0.50 |     10       20  1.00000  4.079e-07

DESCRIPTIVE (ln x)^{-c} fit of mass(F_fav)/mass(Fam_2) (rows with >= 3 ladder points and all ratios in (0,1)):
  (4,5,30) theta=0.0: c_fit = -1.422   [c* = 0.7726]  DESCRIPTIVE
  (4,5,30) theta=0.25: c_fit = -1.422   [c* = 0.7726]  DESCRIPTIVE
  (5,5,34) theta=0.0: c_fit = -2.122   [c* = 0.7726]  DESCRIPTIVE
  (5,5,34) theta=0.25: c_fit = -2.122   [c* = 0.7726]  DESCRIPTIVE
